Samples from:
samples, _ = build_training_samples_from_db(
    db_path='data/raw/kilter_database.sqlite',
    require_full_metadata=False,
    max_routes=50,
    min_holds=5,
)

--- sample_1 ---
uuid 002047402B6941CEA5ED7BB09FBFE14D
name 4/26 Harder Than It Should Be
layout_id 1 angle 0.0 grade 18.0 num_holds 23 coverage 1.0
type_id (23,) [4, 4, 4, 5, 4, 4, 2, 4, 2, 2, 4, 4, 2, 4, 3, 3, 3, 3, 3, 3, 3, 3, 3]
function_id (23,) [2, 2, 2, 2, 2, 2, 2, 2, 2, 2, 2, 2, 2, 2, 3, 3, 3, 3, 3, 3, 3, 3, 3]
role_id (23,) [0, 0, 1, 1, 1, 3, 1, 3, 1, 1, 1, 1, 1, 2, 3, 3, 3, 3, 3, 3, 3, 3, 3]
hole_id (23,) [85, 116, 167, 249, 202, 284, 150, 340, 280, 227, 238, 319, 235, 276, 9, 11, 13, 14, 204, 154, 324, 220, 305]
x (23,) [40.0, 48.0, 72.0, 96.0, 80.0, 112.0, 64.0, 136.0, 112.0, 88.0, 96.0, 128.0, 96.0, 112.0, 84.0, 76.0, 68.0, 60.0, 84.0, 68.0, 132.0, 92.0, 124.0]
y (23,) [40.0, 40.0, 40.0, 56.0, 64.0, 88.0, 96.0, 96.0, 112.0, 120.0, 120.0, 128.0, 136.0, 152.0, 4.0, 4.0, 4.0, 4.0, 52.0, 68.0, 68.0, 76.0, 76.0]
depth (23,) [2.0, 2.0, 3.0, 2.0, 1.0, 2.0, 1.0, 2.0, 1.0, 1.0, 2.0, 2.0, 2.0, 2.0, 0.0, 0.0, 0.0, 0.0, 0.0, 0.0, 0.0, 0.0, 0.0]
orientation_sin (23,) [0.0, 0.0, 1.2246468525851679e-16, 0.0, -0.5, 0.7071067690849304, 0.0, 0.9659258127212524, 0.0, 0.0, 0.258819043636322, -0.5, 0.258819043636322, 0.0, 1.2246468525851679e-16, -0.3420201539993286, 0.3420201539993286, -1.2246468525851679e-16, -0.258819043636322, 0.0, -0.258819043636322, 0.0, 0.0]
orientation_cos (23,) [1.0, 1.0, -1.0, 1.0, 0.8660253882408142, -0.7071067690849304, 1.0, 0.258819043636322, 1.0, 1.0, 0.9659258127212524, 0.8660253882408142, 0.9659258127212524, 1.0, -1.0, 0.9396926164627075, 0.9396926164627075, -1.0, 0.9659258127212524, 1.0, 0.9659258127212524, 1.0, 1.0]
size (23,) [4.0, 4.0, 5.0, 5.0, 4.0, 4.0, 4.0, 5.0, 3.0, 3.0, 4.0, 3.0, 3.0, 5.0, 2.0, 2.0, 2.0, 2.0, 1.0, 1.0, 1.0, 1.0, 1.0]
--- sample_2 ---
uuid 002ED50792A94E5EB2127D59E167B2EE
name what kind of triangle
layout_id 1 angle 0.0 grade 25.0 num_holds 35 coverage 1.0
type_id (35,) [4, 4, 4, 6, 4, 2, 4, 6, 6, 2, 5, 2, 4, 4, 4, 4, 4, 3, 3, 3, 3, 3, 3, 3, 3, 3, 3, 3, 3, 3]
function_id (35,) [2, 2, 2, 2, 2, 2, 2, 2, 2, 2, 2, 2, 2, 2, 2, 2, 2, 3, 3, 3, 3, 3, 3, 3, 3, 3, 3, 3, 3, 3]
role_id (35,) [0, 1, 0, 1, 1, 1, 1, 1, 1, 1, 1, 1, 1, 1, 1, 1, 2, 3, 3, 3, 3, 3, 3, 3, 3, 3, 3, 3, 3, 3]
hole_id (35,) [334, 330, 299, 290, 261, 248, 219, 199, 175, 150, 134, 106, 97, 64, 61, 39, 37, 0, 2, 3, 4, 5, 6, 7, 9, 11, 13, 14, 16, 18]
x (35,) [136.0, 128.0, 120.0, 112.0, 104.0, 96.0, 88.0, 80.0, 72.0, 64.0, 56.0, 48.0, 40.0, 32.0, 24.0, 16.0, 8.0, 140.0, 132.0, 124.0, 116.0, 108.0, 100.0, 92.0, 84.0, 76.0, 68.0, 60.0, 52.0, 44.0]
y (35,) [24.0, 32.0, 40.0, 48.0, 56.0, 64.0, 72.0, 80.0, 88.0, 96.0, 104.0, 112.0, 120.0, 128.0, 136.0, 144.0, 152.0, 4.0, 4.0, 4.0, 4.0, 4.0, 4.0, 4.0, 4.0, 4.0, 4.0, 4.0, 4.0, 4.0]
depth (35,) [2.0, 2.0, 3.0, 2.0, 3.0, 2.0, 3.0, 2.0, 1.0, 1.0, 1.0, 1.0, 2.0, 3.0, 3.0, 3.0, 3.0, 0.0, 0.0, 0.0, 0.0, 0.0, 0.0, 0.0, 0.0, 0.0, 0.0, 0.0, 0.0, 0.0]
orientation_sin (35,) [-0.8660253882408142, 1.0, 1.2246468525851679e-16, -0.258819043636322, 0.7071067690849304, 0.0, 0.0, -0.5, 0.0, 0.0, 0.258819043636322, -0.5, -0.9659258127212524, -0.8660253882408142, 1.0, 0.0, 0.7071067690849304, -0.7071067690849304, 1.0, -0.9848077297210693, 0.7071067690849304, 1.2246468525851679e-16, -0.7071067690849304, 0.7071067690849304, 1.2246468525851679e-16, -0.3420201539993286, 0.3420201539993286, -1.2246468525851679e-16, -0.7071067690849304, 0.5]
orientation_cos (35,) [0.5, 6.123234262925839e-17, -1.0, 0.9659258127212524, -0.7071067690849304, 1.0, 1.0, 0.8660253882408142, 1.0, 1.0, 0.9659258127212524, 0.8660253882408142, 0.258819043636322, 0.5, 6.123234262925839e-17, 1.0, 0.7071067690849304, 0.7071067690849304, 6.123234262925839e-17, 0.1736481785774231, 0.7071067690849304, -1.0, 0.7071067690849304, 0.7071067690849304, -1.0, 0.9396926164627075, 0.9396926164627075, -1.0, 0.7071067690849304, 0.8660253882408142]
size (35,) [4.0, 4.0, 5.0, 4.0, 4.0, 4.0, 4.0, 5.0, 3.0, 4.0, 4.0, 3.0, 4.0, 4.0, 4.0, 3.0, 5.0, 2.0, 2.0, 2.0, 2.0, 2.0, 2.0, 2.0, 2.0, 2.0, 2.0, 2.0, 2.0, 2.0]
